2312959984
9602396941
8484698211
7366445551
9576388302
8473702170
5635783030
9573960578
4215252137
5139157569
8367608571
9406871345
7367840283
3498674399
5212705562
8246310116
6735903662
9412914030
8567808408
5213058466
2282031917
2378625034
4363913177
6492547776
9108340015
8909239737
5898864247
7464385857
5755480774
6666905330
7553787701
3574001898
4389004612
5427051251
5954629116
9042665091
5192881529
8098199476
7434568504
4406241897
4866102456
9597033239
2913128760
3544496985
9925762957
2747587440
2956125865
6383125143
6413845245
9475780909